0.026401996612549
0.024657011032104
0.023138999938965
0.028241157531738
0.02741813659668
0.026327133178711
0.028899192810059
0.024605989456177
0.023823976516724
0.0257408618927
0.024935960769653
0.027446031570435
0.027133941650391
0.027055978775024
0.027244091033936
0.025565147399902
0.024577140808105
0.028898000717163
0.025796890258789
0.025410175323486
0.026850938796997
0.023566961288452
0.02839207649231
0.027822017669678
0.026246070861816
0.02490496635437
0.025895118713379
0.023828029632568
0.024966955184937
0.023165941238403
0.026509046554565
0.024147987365723
0.024907112121582
0.027349948883057
